Produced from wind CDAWeb CDFs (nT, km/s, cm^-3, K)
year  mo  dy  hr  mn  sc msc Bx By Bz Ux Uy Uz rho T
#START
2024  5  3 16 26  0   0     2.83    -3.78    -0.16       nan       nan       nan       nan        nan
2024  5  3 16 27  0   0     2.62    -3.89    -0.18       nan       nan       nan       nan        nan
2024  5  3 16 28  0   0     2.93    -3.68    -0.25   -410.18     -6.14     12.24    3.3915   206176.8
2024  5  3 16 29  0   0     2.88    -3.73    -0.16   -411.43     -6.90      8.43    3.2223   197555.9
2024  5  3 16 30  0   0     2.78    -3.73    -0.25   -412.68     -7.65      4.62    3.0530   189119.1
2024  5  3 16 31  0   0     3.33    -3.31    -0.67   -407.95     -6.79      2.79    3.2999   172603.7
2024  5  3 16 32  0   0     3.21    -3.41    -0.58   -408.19     -7.48      1.05    3.3158   169940.9
2024  5  3 16 33  0   0     3.10    -3.47    -0.75   -408.42     -8.17     -0.69    3.3316   167298.8
2024  5  3 16 34  0   0     3.08    -3.47    -0.90   -408.64     -8.78      0.36    3.2863   167683.2
2024  5  3 16 35  0   0     2.93    -3.56    -1.02   -408.86     -9.39      1.40    3.2410   168068.0
2024  5  3 16 36  0   0     2.91    -3.63    -0.49   -410.42    -10.34      8.12    3.5334   175119.2
2024  5  3 16 37  0   0     2.73    -3.68    -0.40   -409.87    -10.63      6.52    3.4969   176308.8
2024  5  3 16 38  0   0     2.89    -3.51    -0.69   -409.33    -10.93      4.93    3.4603   177502.5
2024  5  3 16 39  0   0     2.83    -3.65    -0.47   -410.01    -10.98      4.33    3.4615   172635.5
2024  5  3 16 40  0   0     2.80    -3.71    -0.63   -410.70    -11.03      3.72    3.4627   167836.1
2024  5  3 16 41  0   0     3.12    -3.42    -0.36   -405.84     -9.20      5.26    3.7335   182450.0
2024  5  3 16 42  0   0     3.28    -3.01    -0.34   -406.83     -9.03      5.44    3.7138   205482.7
2024  5  3 16 43  0   0     3.05    -3.29    -0.46   -407.81     -8.86      5.63    3.6941   229884.1
2024  5  3 16 44  0   0     2.95    -3.40    -0.96   -409.74     -9.79      3.61    3.5690   205373.2
2024  5  3 16 45  0   0     2.92    -3.53    -0.99   -411.66    -10.72      1.58    3.4439   182243.6
2024  5  3 16 46  0   0     2.98    -3.57    -0.99   -410.92    -11.63     -1.16    3.3006   179000.1
2024  5  3 16 47  0   0     3.05    -3.48    -1.02   -410.94     -9.94     -0.80    3.3521   175732.3
2024  5  3 16 48  0   0     3.13    -3.35    -1.07   -410.97     -8.24     -0.43    3.4035   172494.5
2024  5  3 16 49  0   0     3.04    -3.43    -0.95   -410.92     -8.02      0.63    3.4361   172256.8
2024  5  3 16 50  0   0     3.22    -3.37    -0.78   -410.87     -7.80      1.68    3.4688   172019.2
2024  5  3 16 51  0   0     3.35    -3.26    -0.98   -409.04    -11.77     -0.13    3.2042   170863.9
2024  5  3 16 52  0   0     3.48    -3.16    -0.89   -408.51    -10.29     -1.05    3.2953   171187.3
2024  5  3 16 53  0   0     3.53    -3.11    -0.86   -407.98     -8.81     -1.97    3.3863   171511.0
2024  5  3 16 54  0   0     3.52    -3.08    -1.01   -407.33     -8.79     -1.64    3.4382   171883.0
2024  5  3 16 55  0   0     3.25    -3.33    -1.04   -406.68     -8.77     -1.31    3.4901   172255.4
2024  5  3 16 56  0   0     3.25    -3.32    -1.13   -407.96    -11.39     -0.78    3.5585   164572.3
2024  5  3 16 57  0   0     3.11    -3.40    -1.19   -408.82     -9.60      0.78    3.5321   182132.8
2024  5  3 16 58  0   0     2.87    -3.69    -1.23   -409.67     -7.82      2.34    3.5057   200583.3
2024  5  3 16 59  0   0     2.95    -3.56    -1.21   -408.93     -8.82      1.56    3.5065   184282.3
2024  5  3 17  0  0   0     2.97    -3.64    -1.07   -408.18     -9.81      0.78    3.5074   168672.1
2024  5  3 17  1  0   0     3.01    -3.64    -1.05   -408.32    -10.23      2.09    3.5072   167801.8
2024  5  3 17  2  0   0     2.85    -3.77    -1.11   -408.47    -10.64      3.41    3.5070   166933.8
2024  5  3 17  3  0   0     2.89    -3.78    -1.04   -408.84    -11.94      2.11    3.5373   166725.0
2024  5  3 17  4  0   0     2.76    -3.89    -1.06   -408.73    -10.88      1.31    3.5629   166228.7
2024  5  3 17  5  0   0     2.80    -3.74    -1.14   -408.61     -9.82      0.51    3.5885   165733.2
2024  5  3 17  6  0   0     2.77    -3.76    -1.10   -408.41     -8.77      0.69    3.7073   161222.4
2024  5  3 17  7  0   0     2.87    -3.72    -1.16   -408.22     -7.73      0.87    3.8261   156773.8
2024  5  3 17  8  0   0     2.60    -3.94    -1.06   -411.33    -15.84      2.52    3.4596   171437.1
2024  5  3 17  9  0   0     2.41    -4.06    -1.04   -410.96    -15.70      0.14    3.2828   170442.6
2024  5  3 17 10  0   0     2.80    -3.63    -1.11   -410.60    -15.56     -2.24    3.1060   169451.0
2024  5  3 17 11  0   0     3.86    -2.46    -1.28   -406.40     -8.52     -2.49    3.2548   170810.5
2024  5  3 17 12  0   0     3.92    -2.38    -1.34   -402.20     -1.47     -2.73    3.4036   172175.4
2024  5  3 17 13  0   0     3.98    -2.26    -1.41   -400.80      5.03      2.78    3.4432   193510.7
2024  5  3 17 14  0   0     3.93    -2.21    -1.50   -401.02      4.09     -0.59    3.3821   183807.4
2024  5  3 17 15  0   0     3.99    -2.01    -1.75   -401.24      3.15     -3.97    3.3209   174353.6
2024  5  3 17 16  0   0     4.06    -1.99    -1.55   -401.03      2.32     -2.16    3.3398   174626.4
2024  5  3 17 17  0   0     4.00    -2.13    -1.49   -400.82      1.48     -0.34    3.3588   174899.5
2024  5  3 17 18  0   0     3.98    -2.07    -1.55   -400.45      1.02     -0.46    3.3085   170027.7
2024  5  3 17 19  0   0     3.93    -2.13    -1.57   -400.74     -0.48     -1.56    3.2800   170883.6
2024  5  3 17 20  0   0     3.83    -2.21    -1.70   -401.04     -1.98     -2.67    3.2514   171741.7
2024  5  3 17 21  0   0     3.74    -2.33    -1.65   -401.07     -2.01     -3.06    3.3495   167921.3
2024  5  3 17 22  0   0     3.52    -2.63    -1.82   -401.09     -2.03     -3.45    3.4475   164143.9
2024  5  3 17 23  0   0     3.39    -2.74    -1.86   -401.34     -3.00     -4.26    3.4348   163128.0
2024  5  3 17 24  0   0     3.45    -2.66    -1.85   -400.52     -3.76     -4.77    3.3484   156285.8
2024  5  3 17 25  0   0     3.44    -2.74    -1.97   -399.69     -4.51     -5.28    3.2620   149590.2
2024  5  3 17 26  0   0     3.37    -2.76    -2.08   -400.13     -3.44     -5.91    3.2706   148582.0
2024  5  3 17 27  0   0     3.31    -2.74    -2.19   -400.56     -2.36     -6.54    3.2792   147577.2
2024  5  3 17 28  0   0     3.33    -2.72    -2.13   -398.90      0.98      2.87    3.4110   187121.2
2024  5  3 17 29  0   0     3.64    -2.53    -1.53   -400.02     -0.77     -1.10    3.3398   181360.1
2024  5  3 17 30  0   0     3.45    -2.63    -1.60   -401.14     -2.52     -5.08    3.2685   175689.1
2024  5  3 17 31  0   0     3.33    -2.53    -1.71   -402.39     -3.47     -3.40    3.2526   169903.5
2024  5  3 17 32  0   0     3.32    -2.86    -1.42   -403.64     -4.42     -1.73    3.2366   164214.8
2024  5  3 17 33  0   0     3.43    -2.78    -1.48   -399.70     -2.06     -5.31    3.1854   146345.7
2024  5  3 17 34  0   0     3.40    -2.61    -1.95   -399.64     -3.73     -6.04    3.1715   148441.4
2024  5  3 17 35  0   0     3.30    -2.79    -1.86   -399.59     -5.41     -6.77    3.1576   150552.0
2024  5  3 17 36  0   0     3.24    -2.87    -1.84   -400.29     -4.46     -6.21    3.2365   156880.9
2024  5  3 17 37  0   0     3.17    -2.87    -1.81   -400.99     -3.51     -5.65    3.3154   163340.1
2024  5  3 17 38  0   0     3.19    -2.98    -1.57   -400.04     -6.30     -3.83    3.1154   146531.3
2024  5  3 17 39  0   0     3.19    -2.98    -1.67   -399.36     -5.74     -3.32    3.1400   148874.4
2024  5  3 17 40  0   0     3.31    -2.81    -1.70   -398.69     -5.18     -2.81    3.1647   151236.1
2024  5  3 17 41  0   0     3.31    -2.78    -1.74   -398.56     -6.71     -2.08    2.9643   158160.9
2024  5  3 17 42  0   0     3.33    -2.60    -1.72   -398.44     -8.24     -1.36    2.7639   165240.7
2024  5  3 17 43  0   0     3.78    -2.05    -1.91   -392.55      0.61      0.77    2.8354   200581.5
2024  5  3 17 44  0   0     3.86    -1.75    -2.07   -393.47     -0.14     -2.65    2.7963   175751.5
2024  5  3 17 45  0   0     3.96    -1.58    -2.00   -394.39     -0.89     -6.07    2.7572   152561.5
2024  5  3 17 46  0   0     3.84    -1.63    -2.21   -394.03     -0.81     -7.15    2.7526   148748.4
2024  5  3 17 47  0   0     3.83    -1.57    -2.31   -393.67     -0.74     -8.24    2.7480   144983.6
2024  5  3 17 48  0   0     3.85    -1.67    -2.17   -393.29     -1.90     -6.56    2.6711   155632.6
2024  5  3 17 49  0   0     3.87    -1.63    -2.13   -391.46     -0.61     -5.16    2.6465   155314.8
2024  5  3 17 50  0   0     3.98    -1.59    -1.91   -389.62      0.68     -3.76    2.6218   154997.3
2024  5  3 17 51  0   0     4.05    -1.52    -1.86   -389.57      2.23     -5.02    2.6091   154025.0
2024  5  3 17 52  0   0     4.00    -1.45    -1.99   -389.52      3.78     -6.28    2.5963   153055.7
2024  5  3 17 53  0   0     4.02    -1.35    -2.04   -390.02      2.39     -8.46    2.5906   159799.2
2024  5  3 17 54  0   0     3.99    -1.35    -2.09   -389.31      3.55     -7.41    2.5300   155936.3
2024  5  3 17 55  0   0     3.90    -1.39    -2.21   -388.59      4.71     -6.37    2.4693   152120.8
2024  5  3 17 56  0   0     3.90    -1.58    -2.11   -388.13      5.73     -7.30    2.4361   154746.8
2024  5  3 17 57  0   0     4.03    -1.24    -2.12   -387.67      6.75     -8.23    2.4030   157395.3
2024  5  3 17 58  0   0     3.95    -1.66    -2.02   -387.39     -0.76     -0.44    2.4398   215070.5
2024  5  3 17 59  0   0     3.85    -1.71    -2.13   -388.68     -1.31     -3.63    2.4101   187321.1
2024  5  3 18  0  0   0     3.95    -1.71    -1.96   -389.98     -1.85     -6.82    2.3805   161487.7
2024  5  3 18  1  0   0     4.00    -1.35    -2.06   -390.19      0.06     -6.93    2.4246   155058.4
2024  5  3 18  2  0   0     3.96    -1.36    -2.12   -390.41      1.98     -7.03    2.4687   148759.7
2024  5  3 18  3  0   0     4.03    -1.13    -2.09   -390.18      7.46     -8.76    2.5432   152678.9
2024  5  3 18  4  0   0     4.07    -0.76    -2.17   -390.47      8.47     -8.72    2.5261   153729.4
2024  5  3 18  5  0   0     4.08    -0.53    -2.26   -390.75      9.47     -8.67    2.5090   154783.5
2024  5  3 18  6  0   0     4.04    -0.73    -2.25   -390.20     10.27     -8.36    2.5056   154355.4
2024  5  3 18  7  0   0     4.07    -0.51    -2.23   -389.64     11.06     -8.04    2.5022   153927.9
2024  5  3 18  8  0   0     4.03    -0.71    -2.25   -389.45      8.96     -8.37    2.4471   153131.3
2024  5  3 18  9  0   0     4.03    -0.81    -2.25   -389.25      6.85     -8.70    2.3921   152336.7
2024  5  3 18 10  0   0     4.01    -0.85    -2.32   -389.71      4.70     -8.27    2.4597   148079.6
2024  5  3 18 11  0   0     3.99    -0.76    -2.37   -389.22      6.71     -9.49    2.4257   146055.6
2024  5  3 18 12  0   0     3.99    -0.54    -2.50   -388.73      8.72    -10.71    2.3917   144045.6
2024  5  3 18 13  0   0     3.96    -0.53    -2.62   -386.15      5.15    -15.23    3.1134   155938.8
2024  5  3 18 14  0   0     3.88    -0.86    -2.32       nan       nan       nan       nan        nan
2024  5  3 18 15  0   0     3.91    -0.47    -2.39   -381.01     -1.96    -24.28    4.5567   181140.4
2024  5  3 18 16  0   0    -0.57    -0.24     0.41   -388.20      0.93    -17.31    4.3466   201991.5
2024  5  3 18 17  0   0    -0.64    -1.48     0.04   -395.39      3.82    -10.34    4.1364   223978.1
2024  5  3 18 18  0   0    -0.44    -1.77     0.06   -393.56      5.24    -11.44    3.9862   202566.2
2024  5  3 18 19  0   0     1.20    -1.38    -1.97   -391.73      6.67    -12.53    3.8359   182229.8
2024  5  3 18 20  0   0     1.69    -0.89    -2.50   -391.27      7.25    -13.89    3.7225   194330.6
2024  5  3 18 21  0   0     1.78    -0.16    -2.75   -390.80      8.77    -16.21    3.9629   187180.8
2024  5  3 18 22  0   0     1.75     0.83    -2.52   -390.32     10.30    -18.52    4.2034   180165.1
2024  5  3 18 23  0   0     1.66     0.83    -2.06   -389.54      7.81    -15.77    4.0835   181079.4
2024  5  3 18 24  0   0     1.88     1.87    -1.00   -388.75      5.31    -13.03    3.9636   181996.1
2024  5  3 18 25  0   0     0.22     1.66     0.49   -392.95      4.79    -18.06    4.1102   206194.4
2024  5  3 18 26  0   0    -1.69     0.65     1.41   -405.77      9.07     -7.40    3.7538   184638.1
2024  5  3 18 27  0   0    -3.74    -0.05     2.61   -418.58     13.33      3.26    3.3973   164271.7
2024  5  3 18 28  0   0    -3.86    -0.42     2.45   -417.78     13.35      4.38    3.3919   177535.6
2024  5  3 18 29  0   0    -3.86    -0.43     2.47   -416.98     13.38      5.51    3.3865   191314.3
2024  5  3 18 30  0   0    -3.87    -0.48     2.39   -418.67     11.17      1.12    3.2995   159754.6
2024  5  3 18 31  0   0    -3.88    -0.51     2.32   -419.16     10.60      0.85    3.2682   160718.2
2024  5  3 18 32  0   0    -3.85    -0.53     2.22   -419.65     10.03      0.59    3.2369   161684.7
2024  5  3 18 33  0   0    -3.86    -0.52     2.16   -420.46     11.58      0.21    3.2769   164911.8
2024  5  3 18 34  0   0    -3.86    -0.43     2.09   -421.27     13.13     -0.17    3.3169   168170.7
2024  5  3 18 35  0   0    -3.84    -0.45     1.99   -421.58     12.32     -1.27    3.3463   167050.5
2024  5  3 18 36  0   0    -3.84    -0.45     1.88   -421.15     12.12      0.79    3.4026   162692.9
2024  5  3 18 37  0   0    -3.72    -0.56     1.94   -420.73     11.93      2.84    3.4589   158392.9
2024  5  3 18 38  0   0    -3.43    -0.66     1.89   -418.52      8.63      1.70    3.4645   161433.9
2024  5  3 18 39  0   0    -2.72    -0.54     1.66   -416.31      5.33      0.55    3.4701   164503.7
2024  5  3 18 40  0   0    -1.93    -0.64     0.70   -406.65      4.81     -8.36    4.7043   185079.7
2024  5  3 18 41  0   0    -2.97    -1.01     0.21   -413.34      9.72     -7.60    4.5011   178961.3
2024  5  3 18 42  0   0    -3.38    -0.77     0.21   -420.02     14.62     -6.84    4.2980   172945.8
2024  5  3 18 43  0   0    -4.00    -0.21     0.43   -416.08     14.39     -2.80    4.3337   195334.0
2024  5  3 18 44  0   0    -3.73    -0.40     0.83   -412.14     14.15      1.23    4.3694   219084.5
2024  5  3 18 45  0   0    -3.53    -0.49     1.67   -421.17     12.95      8.10    4.3073   150651.5
2024  5  3 18 46  0   0    -3.62    -0.57     1.65   -421.12     11.21      6.87    4.3928   148117.5
2024  5  3 18 47  0   0    -3.62    -0.67     1.63   -421.08      9.47      5.63    4.4782   145605.1
2024  5  3 18 48  0   0    -3.61    -0.73     1.57   -420.63     10.01      6.26    4.4086   148202.9
2024  5  3 18 49  0   0    -3.66    -0.55     1.55   -420.17     10.54      6.89    4.3389   150823.6
2024  5  3 18 50  0   0    -3.74    -0.48     1.47   -421.54      9.83      2.82    4.4070   155038.7
2024  5  3 18 51  0   0    -3.74    -0.64     1.36   -421.94      9.77      3.34    4.4818   149232.3
2024  5  3 18 52  0   0    -3.74    -0.73     1.38   -422.34      9.72      3.86    4.5566   143536.6
2024  5  3 18 53  0   0    -3.74    -0.81     1.30   -422.55     10.52      3.11    4.5560   144261.7
2024  5  3 18 54  0   0    -3.79    -0.71     1.25   -422.77     11.31      2.37    4.5554   144988.6
2024  5  3 18 55  0   0    -3.85    -0.66     1.15   -421.26     21.00      2.62    4.5201   150497.7
2024  5  3 18 56  0   0    -3.89    -0.63     1.04       nan       nan       nan       nan        nan
2024  5  3 18 57  0   0    -3.93    -0.56     1.10       nan       nan       nan       nan        nan
2024  5  3 18 58  0   0    -3.92    -0.61     1.16       nan       nan       nan       nan        nan
2024  5  3 18 59  0   0    -3.90    -0.71     1.23   -415.22     59.76      3.78    4.3790   173561.2
2024  5  3 19  0  0   0    -3.87    -0.77     1.25   -421.51     10.10      2.43    4.4505   148771.5
2024  5  3 19  1  0   0    -3.86    -0.78     1.26   -421.19      9.38      2.67    4.4445   148015.9
2024  5  3 19  2  0   0    -3.86    -0.80     1.23   -420.88      8.66      2.90    4.4386   147262.2
2024  5  3 19  3  0   0    -3.84    -0.81     1.19   -420.79      8.52      2.51    4.4561   146524.0
2024  5  3 19  4  0   0    -3.81    -0.80     1.20   -420.71      8.38      2.11    4.4737   145787.7
2024  5  3 19  5  0   0    -3.80    -0.79     1.26   -420.43      8.49      2.74    4.4313   142912.8
2024  5  3 19  6  0   0    -3.80    -0.75     1.33   -420.68      8.29      2.98    4.4985   141311.3
2024  5  3 19  7  0   0    -3.78    -0.82     1.30   -420.93      8.08      3.23    4.5657   139718.8
2024  5  3 19  8  0   0    -3.75    -0.79     1.38   -420.13      6.59      2.41    4.5331   145081.5
2024  5  3 19  9  0   0    -3.59    -0.73     1.41   -419.34      5.10      1.60    4.5004   150545.1
2024  5  3 19 10  0   0    -3.61    -0.63     1.31   -419.31      6.84      3.11    4.4944   152027.4
2024  5  3 19 11  0   0    -3.56    -0.65     1.39       nan       nan       nan       nan        nan
2024  5  3 19 12  0   0    -3.64    -0.66     1.47       nan       nan       nan       nan        nan
2024  5  3 19 13  0   0    -3.82    -0.69     1.27       nan       nan       nan       nan        nan
2024  5  3 19 14  0   0    -3.82    -0.65     1.36   -419.17     13.77      9.16    4.4705   158029.1
2024  5  3 19 15  0   0    -3.74    -0.62     1.50   -418.76     12.90      8.22    4.4885   158611.1
2024  5  3 19 16  0   0    -3.78    -0.62     1.48       nan       nan       nan       nan        nan
2024  5  3 19 17  0   0    -3.78    -0.52     1.47       nan       nan       nan       nan        nan
2024  5  3 19 18  0   0    -3.74    -0.47     1.41       nan       nan       nan       nan        nan
2024  5  3 19 19  0   0    -3.70    -0.42     1.46   -417.11      9.40      4.45    4.5605   160949.8
2024  5  3 19 20  0   0    -3.66    -0.43     1.42   -417.55      6.75      5.72    4.4187   147540.1
2024  5  3 19 21  0   0    -3.63    -0.33     1.47   -415.97      6.77      4.66    4.4714   157504.9
2024  5  3 19 22  0   0    -3.45    -0.07     1.50       nan       nan       nan       nan        nan
2024  5  3 19 23  0   0    -3.53    -0.25     1.35       nan       nan       nan       nan        nan
2024  5  3 19 24  0   0    -3.20     0.07     1.35   -411.20      6.83      1.48    4.6295   189353.1
2024  5  3 19 25  0   0    -2.74     0.75     1.88   -410.00     16.91      7.83    5.0009   160688.6
2024  5  3 19 26  0   0    -3.09     0.62     1.79   -410.34     11.60      5.67    5.0303   163236.3
2024  5  3 19 27  0   0    -3.20     0.22     1.63   -410.68      6.30      3.51    5.0598   165804.1
2024  5  3 19 28  0   0    -3.31    -0.15     1.59   -411.23      7.49      4.07    4.8360   161240.1
2024  5  3 19 29  0   0    -3.45    -0.20     1.51   -411.77      8.68      4.62    4.6123   156739.8
2024  5  3 19 30  0   0    -3.60    -0.52     1.32   -415.38     17.42     11.96    3.9035   172041.1
2024  5  3 19 31  0   0    -3.91    -0.60     1.54   -415.66     14.83      9.06    3.9695   157277.4
2024  5  3 19 32  0   0    -3.90    -0.56     1.50   -415.95     12.23      6.17    4.0356   143175.8
2024  5  3 19 33  0   0    -3.88    -0.52     1.55   -415.62     12.00      6.38    3.9359   145739.6
2024  5  3 19 34  0   0    -3.86    -0.62     1.67   -415.30     11.76      6.60    3.8363   148326.0
2024  5  3 19 35  0   0    -3.86    -0.66     1.63   -416.70      9.90      5.37    3.7505   141960.5
2024  5  3 19 36  0   0    -3.95    -0.63     1.57   -416.31      8.86      5.36    3.7825   140906.9
2024  5  3 19 37  0   0    -3.90    -0.73     1.57   -415.92      7.82      5.36    3.8145   139857.3
2024  5  3 19 38  0   0    -3.91    -0.63     1.56   -417.82      8.70      6.20    4.1708   135372.2
2024  5  3 19 39  0   0    -3.74    -0.33     1.48   -419.71      9.59      7.03    4.5271   130960.1
2024  5  3 19 40  0   0    -1.77     2.63     0.77   -406.96     13.28      1.26    5.0035   187092.6
2024  5  3 19 41  0   0    -2.88     1.14     1.20   -412.95      9.14      3.97    4.8286   165561.5
2024  5  3 19 42  0   0    -3.38    -0.11     1.32   -418.94      4.99      6.68    4.6537   145346.2
2024  5  3 19 43  0   0    -3.57    -0.63     1.45   -418.06      5.87      5.88    4.6018   143898.1
2024  5  3 19 44  0   0    -3.64    -0.91     1.46   -417.17      6.74      5.09    4.5498   142457.3
2024  5  3 19 45  0   0    -3.66    -0.71     1.52   -416.59     13.81     11.34    4.2688   173701.3
2024  5  3 19 46  0   0    -3.72    -0.83     1.46   -416.82     12.97     10.03    4.1884   168717.6
2024  5  3 19 47  0   0    -3.71    -0.90     1.41       nan       nan       nan       nan        nan
2024  5  3 19 48  0   0    -3.67    -1.19     1.22       nan       nan       nan       nan        nan
2024  5  3 19 49  0   0    -3.81    -1.29     1.32       nan       nan       nan       nan        nan
2024  5  3 19 50  0   0    -3.81    -1.13     1.34   -417.72      9.59      4.79    3.8667   149508.5
2024  5  3 19 51  0   0    -3.83    -1.08     1.33   -417.57      8.31      3.48    4.0127   145510.8
2024  5  3 19 52  0   0    -3.92    -0.92     1.23   -417.42      7.03      2.17    4.1587   141567.2
2024  5  3 19 53  0   0    -3.83    -1.01     1.24   -417.41      6.05      2.80    4.2305   139180.2
2024  5  3 19 54  0   0    -3.83    -0.97     1.17       nan       nan       nan       nan        nan
2024  5  3 19 55  0   0    -3.76    -1.06     1.22       nan       nan       nan       nan        nan
2024  5  3 19 56  0   0    -3.73    -1.25     1.25       nan       nan       nan       nan        nan
2024  5  3 19 57  0   0    -3.71    -1.42     1.16   -417.37      2.11      5.27    4.5179   129834.9
2024  5  3 19 58  0   0    -3.73    -1.38     1.07   -417.62      1.82      5.37    4.5930   133732.9
2024  5  3 19 59  0   0    -3.73    -1.33     0.98   -417.87      1.53      5.47    4.6681   137688.6
2024  5  3 20  0  0   0    -3.72    -1.31     0.95   -418.01      4.35      8.49    4.7367   150931.2
2024  5  3 20  1  0   0    -3.73    -1.30     0.94   -417.07      4.43      7.10    4.5407   152629.3
2024  5  3 20  2  0   0    -3.72    -1.26     0.97       nan       nan       nan       nan        nan
2024  5  3 20  3  0   0    -3.85    -1.29     0.93       nan       nan       nan       nan        nan
2024  5  3 20  4  0   0    -3.91    -1.41     1.14       nan       nan       nan       nan        nan
2024  5  3 20  5  0   0    -3.79    -1.41     1.11   -413.34      4.75      1.53    3.7567   159516.5
2024  5  3 20  6  0   0    -3.83    -1.46     1.22   -415.36      3.59      2.60    4.1804   148731.4
2024  5  3 20  7  0   0    -3.79    -1.39     1.20   -417.38      2.43      3.66    4.6040   138323.7
2024  5  3 20  8  0   0    -3.64    -1.34     1.08   -417.58      1.14      3.66    4.6560   133680.9
2024  5  3 20  9  0   0    -3.59    -1.40     1.03   -417.77     -0.15      3.66    4.7080   129117.3
2024  5  3 20 10  0   0    -3.65    -1.47     1.02   -416.41      0.15      4.15    4.5122   123879.0
2024  5  3 20 11  0   0    -3.59    -1.50     1.07   -414.47      0.43      3.61    4.1307   126095.3
2024  5  3 20 12  0   0    -3.71    -1.55     1.13   -412.53      0.71      3.07    3.7493   128331.3
2024  5  3 20 13  0   0    -3.72    -1.58     1.24   -412.90      1.56      3.34    3.6960   138631.9
2024  5  3 20 14  0   0    -3.76    -1.59     1.18   -413.27      2.42      3.60    3.6428   149330.1
2024  5  3 20 15  0   0    -3.65    -1.59     1.03   -415.57      3.90      7.03    4.4198   154617.8
2024  5  3 20 16  0   0    -3.61    -1.65     0.95   -415.97      2.34      5.38    4.4614   143410.4
2024  5  3 20 17  0   0    -3.60    -1.65     0.93   -416.37      0.79      3.73    4.5030   132624.6
2024  5  3 20 18  0   0    -3.61    -1.57     1.02   -413.97      0.88      2.42    4.0205   139292.3
2024  5  3 20 19  0   0    -3.66    -1.65     1.01   -411.58      0.97      1.11    3.5380   146123.5
2024  5  3 20 20  0   0    -3.76    -1.74     0.97   -411.92      1.33      1.63    3.5761   148025.1
2024  5  3 20 21  0   0    -3.74    -1.78     0.93   -412.27      1.70      2.15    3.6142   149939.1
2024  5  3 20 22  0   0    -3.57    -1.93     0.81   -416.51     -0.94      4.02    4.5368   128654.0
2024  5  3 20 23  0   0    -3.46    -1.96     0.78   -416.69     -0.72      3.54    4.5679   129079.7
2024  5  3 20 24  0   0    -3.43    -2.00     0.71   -416.87     -0.49      3.05    4.5990   129506.1
2024  5  3 20 25  0   0    -3.38    -2.13     0.61   -416.71      0.61      3.75    4.4884   129542.4
2024  5  3 20 26  0   0    -3.42    -2.20     0.47   -416.55      1.72      4.46    4.3779   129578.8
2024  5  3 20 27  0   0    -3.61    -1.70     0.69   -417.14     -0.23      3.52    4.5241   134161.0
2024  5  3 20 28  0   0    -3.59    -1.72     0.72   -417.02     -0.28      3.24    4.5504   131376.3
2024  5  3 20 29  0   0    -3.61    -1.68     0.72   -416.90     -0.32      2.97    4.5767   128620.9
2024  5  3 20 30  0   0    -3.64    -1.64     0.69   -416.38      0.47      4.26    4.6324   138039.4
2024  5  3 20 31  0   0    -3.61    -1.75     0.62   -415.86      1.25      5.55    4.6881   147790.7
2024  5  3 20 32  0   0    -3.61    -1.72     0.65   -416.51      0.60      3.60    4.6006   127302.2
2024  5  3 20 33  0   0    -3.62    -1.68     0.69   -416.51      0.52      3.89    4.6287   128112.1
2024  5  3 20 34  0   0    -3.60    -1.72     0.70   -416.52      0.44      4.17    4.6568   128924.5
2024  5  3 20 35  0   0    -3.60    -1.70     0.75   -416.77      1.26      4.12    4.6611   129196.1
2024  5  3 20 36  0   0    -3.60    -1.72     0.72   -417.02      2.09      4.07    4.6655   129468.0
2024  5  3 20 37  0   0    -3.62    -1.69     0.70   -417.13      1.99      4.69    4.7127   131326.9
2024  5  3 20 38  0   0    -3.63    -1.67     0.74   -417.31      1.41      4.24    4.7218   138488.0
2024  5  3 20 39  0   0    -3.62    -1.69     0.77       nan       nan       nan       nan        nan
2024  5  3 20 40  0   0    -3.63    -1.65     0.74       nan       nan       nan       nan        nan
2024  5  3 20 41  0   0    -3.58    -1.68     0.80   -417.84     -0.35      2.88    4.7492   161111.7
2024  5  3 20 42  0   0    -3.65    -1.44     0.89   -418.07      1.31      3.49    4.7320   146920.1
2024  5  3 20 43  0   0    -3.64    -1.50     0.82   -417.74      1.34      3.79    4.7317   145991.7
2024  5  3 20 44  0   0    -3.64    -1.56     0.81       nan       nan       nan       nan        nan
2024  5  3 20 45  0   0    -3.63    -1.59     0.81       nan       nan       nan       nan        nan
2024  5  3 20 46  0   0    -3.67    -1.65     0.69       nan       nan       nan       nan        nan
2024  5  3 20 47  0   0    -3.66    -1.65     0.73   -416.41      1.48      4.98    4.7304   142307.1
2024  5  3 20 48  0   0    -3.64    -1.72     0.69   -416.39      1.45      4.09    4.7672   140886.6
2024  5  3 20 49  0   0    -3.62    -1.62     0.83   -416.37      1.42      3.20    4.8040   139473.2
2024  5  3 20 50  0   0    -3.60    -1.72     0.74   -416.85      2.07      4.14    4.8179   144186.5
2024  5  3 20 51  0   0    -3.66    -1.54     0.87   -417.33      2.72      5.08    4.8317   148978.2
2024  5  3 20 52  0   0    -3.66    -1.56     0.75   -417.36      3.10      2.83    4.8792   149307.4
2024  5  3 20 53  0   0    -3.66    -1.64     0.61   -416.89      2.14      2.02    4.8862   148066.5
2024  5  3 20 54  0   0    -3.68    -1.64     0.53   -416.42      1.17      1.21    4.8932   146830.7
2024  5  3 20 55  0   0    -3.63    -1.75     0.49   -416.28      0.88      1.42    4.9037   147702.1
2024  5  3 20 56  0   0    -3.61    -1.78     0.52   -416.15      0.59      1.62    4.9142   148576.1
2024  5  3 20 57  0   0    -3.57    -1.82     0.46   -416.60      0.74      2.44    4.9766   150075.3
2024  5  3 20 58  0   0    -3.61    -1.69     0.55   -416.79      0.31      2.11    5.0367   152219.3
2024  5  3 20 59  0   0    -3.57    -1.75     0.47   -416.97     -0.11      1.77    5.0967   154378.6
2024  5  3 21  0  0   0    -3.47    -1.81     0.51   -417.56      0.68      3.57    5.3512   164701.8
2024  5  3 21  1  0   0    -3.41    -1.78     0.41   -418.14      1.47      5.36    5.6056   175359.1
2024  5  3 21  2  0   0    -3.43    -1.75     0.43   -417.49     -0.03      2.09    5.2805   155955.5
2024  5  3 21  3  0   0    -3.44    -1.81     0.32   -417.40     -0.51      2.13    5.3295   155613.9
2024  5  3 21  4  0   0    -3.41    -1.86     0.29   -417.30     -0.98      2.17    5.3785   155272.7
2024  5  3 21  5  0   0    -3.42    -1.84     0.34   -417.07     -0.90      1.81    5.3472   154628.6
2024  5  3 21  6  0   0    -3.47    -1.80     0.28   -416.84     -0.82      1.45    5.3159   153985.8
2024  5  3 21  7  0   0    -3.43    -1.84     0.32   -416.89     -1.87      2.51    5.4451   152508.0
2024  5  3 21  8  0   0    -3.38    -1.84     0.35   -416.58     -1.88      3.05    5.4230   152563.5
2024  5  3 21  9  0   0    -3.38    -1.83     0.38   -416.27     -1.89      3.59    5.4010   152618.9
2024  5  3 21 10  0   0    -3.36    -1.89     0.52   -415.99     -1.71      4.97    5.3582   154372.9
2024  5  3 21 11  0   0    -3.45    -1.76     0.49   -415.72     -1.53      6.35    5.3154   156136.9
2024  5  3 21 12  0   0    -3.40    -1.77     0.49   -415.09     -2.09      5.94    5.5264   148093.8
2024  5  3 21 13  0   0    -3.32    -1.81     0.57   -415.16     -1.67      6.14    5.5463   151038.6
2024  5  3 21 14  0   0    -3.38    -1.70     0.62   -415.23     -1.26      6.34    5.5662   154012.4
2024  5  3 21 15  0   0    -3.27    -1.75     0.62   -415.94     -0.04      6.85    5.5724   165726.0
2024  5  3 21 16  0   0    -3.39    -1.60     0.47   -416.64      1.18      7.36    5.5786   177868.8
2024  5  3 21 17  0   0    -3.38    -1.56     0.39   -416.77     -0.89      5.04    5.6262   155544.9
2024  5  3 21 18  0   0    -3.38    -1.59     0.40   -415.66     -1.37      4.56    5.4832   142875.6
2024  5  3 21 19  0   0    -3.43    -1.67     0.48   -414.55     -1.85      4.08    5.3402   130744.4
2024  5  3 21 20  0   0    -3.55    -1.62     0.42   -413.41     -1.27      2.59    4.9028   138986.3
2024  5  3 21 21  0   0    -3.58    -1.77     0.20   -412.27     -0.68      1.11    4.4654   147480.2
2024  5  3 21 22  0   0    -3.69    -1.71     0.24   -413.08      0.08      2.98    4.3116   141734.1
2024  5  3 21 23  0   0    -3.75    -1.64     0.11   -413.09     -0.33      3.01    4.1971   152346.8
2024  5  3 21 24  0   0    -3.75    -1.55     0.05   -413.11     -0.75      3.04    4.0826   163342.5
2024  5  3 21 25  0   0    -3.70    -1.47     0.42   -411.63     -1.11      2.80    3.9268   171965.9
2024  5  3 21 26  0   0    -3.81    -1.37     0.13   -410.15     -1.47      2.56    3.7711   180811.1
2024  5  3 21 27  0   0    -3.86    -1.14    -0.29   -400.07      6.98      2.07    3.9127   166364.7
2024  5  3 21 28  0   0    -4.02    -1.04    -0.56   -403.77      5.86      1.02    4.6625   168608.2
2024  5  3 21 29  0   0    -3.69    -0.95    -0.49   -407.48      4.74     -0.03    5.4123   170866.8
2024  5  3 21 30  0   0    -3.74    -0.71    -0.32   -408.93      5.48      1.47    5.4161   174762.4
2024  5  3 21 31  0   0    -3.87    -0.51    -0.15   -410.38      6.23      2.97    5.4199   178701.9
2024  5  3 21 32  0   0    -3.90    -0.30    -0.18   -410.68      1.90      0.79    5.4962   162877.1
2024  5  3 21 33  0   0    -3.82    -0.17    -0.37   -410.29      1.49     -0.44    5.3823   152407.5
2024  5  3 21 34  0   0    -3.80    -0.07    -0.60   -409.90      1.09     -1.66    5.2684   142285.6
2024  5  3 21 35  0   0    -3.94     0.12    -0.79   -410.29     -0.07     -1.02    5.4821   143568.3
2024  5  3 21 36  0   0    -3.77    -0.17    -0.69   -410.69     -1.23     -0.39    5.6959   144856.7
2024  5  3 21 37  0   0    -3.76    -0.90    -0.39   -410.88      0.92      2.93    5.2862   140681.5
2024  5  3 21 38  0   0    -3.84    -0.74    -0.45   -408.53      0.76      2.48    4.8870   138158.3
2024  5  3 21 39  0   0    -3.88    -1.13    -0.41   -406.18      0.59      2.04    4.4878   135657.9
2024  5  3 21 40  0   0    -3.98    -1.21     0.01   -405.01      2.87     -0.56    4.2822   145093.3
2024  5  3 21 41  0   0    -3.98    -1.41    -0.21   -403.83      5.16     -3.16    4.0766   154845.8
2024  5  3 21 42  0   0    -3.85    -1.37     0.37   -396.68      2.91      1.49    4.1836   163557.0
2024  5  3 21 43  0   0    -3.90    -1.38     0.56   -397.90      4.15      3.02    3.9303   154596.3
2024  5  3 21 44  0   0    -3.94    -1.55     0.57   -399.11      5.40      4.55    3.6771   145888.1
2024  5  3 21 45  0   0    -4.10    -1.57     0.51   -400.88      5.44      5.91    3.4905   155253.5
2024  5  3 21 46  0   0    -4.15    -1.60     0.37   -402.64      5.48      7.28    3.3039   164910.2
2024  5  3 21 47  0   0    -4.17    -1.56     0.49   -403.47      5.16      7.00    3.3844   167847.5
2024  5  3 21 48  0   0    -4.22    -1.57     0.53       nan       nan       nan       nan        nan
2024  5  3 21 49  0   0    -4.17    -1.48     0.59       nan       nan       nan       nan        nan
2024  5  3 21 50  0   0    -3.99    -1.37     0.64       nan       nan       nan       nan        nan
2024  5  3 21 51  0   0    -3.95    -1.38     0.71   -406.80      3.90      5.89    3.7063   179856.1
2024  5  3 21 52  0   0    -3.75    -1.18     0.52   -406.11      2.69      5.45    3.9742   158301.7
2024  5  3 21 53  0   0    -3.82    -1.05     0.76   -405.54      2.54      5.62    3.9582   147348.3
2024  5  3 21 54  0   0    -3.89    -1.05     0.94   -404.97      2.38      5.79    3.9421   136787.6
2024  5  3 21 55  0   0    -3.96    -1.06     0.82   -404.68      2.80      5.39    4.0347   132673.1
2024  5  3 21 56  0   0    -3.89    -1.09     0.77   -404.38      3.22      4.98    4.1272   128621.4
2024  5  3 21 57  0   0    -3.89    -1.00     0.89   -409.27      5.14      8.21    5.1698   144640.1
2024  5  3 21 58  0   0    -3.67    -0.05     1.18   -409.58      4.49      7.88    5.1960   142371.4
2024  5  3 21 59  0   0    -3.57     0.09     1.21   -409.89      3.85      7.54    5.2222   140120.6
2024  5  3 22  0  0   0    -3.57     0.17     1.26   -406.95      5.94      8.55    4.9824   151912.4
2024  5  3 22  1  0   0    -3.57     0.11     1.29   -404.00      8.02      9.56    4.7425   164180.6
2024  5  3 22  2  0   0    -3.56    -0.17     1.20   -407.08      5.06      7.32    4.2971   151910.4
2024  5  3 22  3  0   0    -3.64    -0.36     1.10   -407.56      3.97      7.40    4.3779   157780.6
2024  5  3 22  4  0   0    -3.60    -0.55     1.09   -408.04      2.88      7.48    4.4587   163762.2
2024  5  3 22  5  0   0    -3.73    -0.92     0.88   -406.10      2.07      5.00    4.0257   153165.9
2024  5  3 22  6  0   0    -3.79    -1.13     0.78   -404.15      1.26      2.51    3.5928   142923.9
2024  5  3 22  7  0   0    -4.07    -1.24     0.75   -402.85      4.95      4.44    3.2898   152837.8
2024  5  3 22  8  0   0    -4.10    -1.27     0.69   -402.91      4.73      3.93    3.3023   153339.8
2024  5  3 22  9  0   0    -4.08    -1.31     0.62   -402.97      4.51      3.43    3.3148   153842.7
2024  5  3 22 10  0   0    -4.04    -1.40     0.69   -402.85      4.70      3.87    3.2978   152827.1
2024  5  3 22 11  0   0    -4.01    -1.45     0.65   -402.73      4.88      4.30    3.2808   151814.9
2024  5  3 22 12  0   0    -3.99    -1.50     0.58   -402.80      4.76      4.22    3.2790   151209.8
2024  5  3 22 13  0   0    -4.03    -1.33     0.65   -402.88      4.64      4.15    3.2773   150605.9
2024  5  3 22 14  0   0    -4.06    -1.19     0.71   -401.86      4.30      3.58    3.1528   153036.6
2024  5  3 22 15  0   0    -4.05    -1.37     0.63   -401.40      4.80      5.54    3.2142   158784.2
2024  5  3 22 16  0   0    -4.05    -1.39     0.61   -400.93      5.30      7.50    3.2756   164637.8
2024  5  3 22 17  0   0    -4.07    -1.30     0.62   -401.39      4.10      2.18    3.2415   152553.7
2024  5  3 22 18  0   0    -4.04    -1.35     0.62   -401.30      5.19      2.85    3.2725   152516.7
2024  5  3 22 19  0   0    -4.02    -1.37     0.55   -401.22      6.27      3.52    3.3035   152479.7
2024  5  3 22 20  0   0    -4.00    -1.36     0.48   -400.36      5.34      2.97    3.3181   152679.0
2024  5  3 22 21  0   0    -3.94    -1.49     0.38   -399.51      4.42      2.42    3.3327   152878.3
2024  5  3 22 22  0   0    -3.96    -1.45     0.39   -399.49      4.35      2.18    3.3499   153111.9
2024  5  3 22 23  0   0    -3.93    -1.47     0.38   -399.47      4.28      1.93    3.3671   153345.6
2024  5  3 22 24  0   0    -3.96    -1.38     0.34   -400.00      4.91      0.54    3.3324   151217.7
2024  5  3 22 25  0   0    -3.99    -1.29     0.27   -400.38      5.28      0.02    3.4038   151474.1
2024  5  3 22 26  0   0    -3.98    -1.23     0.28   -400.75      5.64     -0.50    3.4752   151730.7
2024  5  3 22 27  0   0    -3.94    -1.39     0.03   -400.58      5.03     -3.27    3.4717   151895.6
2024  5  3 22 28  0   0    -3.90    -1.41    -0.18   -400.41      4.41     -6.03    3.4682   152060.6
2024  5  3 22 29  0   0    -3.87    -1.41     0.04   -398.64      3.33      1.31    3.4674   149001.0
2024  5  3 22 30  0   0    -3.80    -1.53     0.36   -398.05      4.67      2.70    3.5092   155062.5
2024  5  3 22 31  0   0    -3.78    -1.58     0.37   -397.46      6.01      4.08    3.5510   161244.8
2024  5  3 22 32  0   0    -3.80    -1.53     0.41   -397.92      4.70      2.36    3.5298   153977.2
2024  5  3 22 33  0   0    -3.79    -1.55     0.39   -398.37      3.38      0.65    3.5086   146877.3
2024  5  3 22 34  0   0    -3.77    -1.58     0.41   -398.42      3.57     -0.67    3.4922   150725.1
2024  5  3 22 35  0   0    -3.75    -1.59     0.44   -397.68      2.34      1.43    3.4792   149931.3
2024  5  3 22 36  0   0    -3.68    -1.70     0.71   -396.94      1.11      3.53    3.4662   149139.7
2024  5  3 22 37  0   0    -3.66    -1.72     0.78   -397.24      2.22      2.30    3.4574   149567.2
2024  5  3 22 38  0   0    -3.66    -1.71     0.78   -397.54      3.32      1.08    3.4486   149995.4
2024  5  3 22 39  0   0    -3.66    -1.71     0.81   -396.99      2.79      2.53    3.4686   150194.8
2024  5  3 22 40  0   0    -3.64    -1.69     0.82   -397.07      2.72      2.46    3.4927   147727.8
2024  5  3 22 41  0   0    -3.69    -1.64     0.70   -397.16      2.65      2.39    3.5167   145281.3
2024  5  3 22 42  0   0    -3.65    -1.66     0.73   -397.34      2.59      2.22    3.5034   148006.7
2024  5  3 22 43  0   0    -3.66    -1.71     0.61   -397.52      2.52      2.04    3.4901   150757.4
2024  5  3 22 44  0   0    -3.57    -1.81     0.83   -397.41      2.78      1.92    3.4832   149279.6
2024  5  3 22 45  0   0    -3.58    -1.80     0.81       nan       nan       nan       nan        nan
2024  5  3 22 46  0   0    -3.64    -1.63     0.73       nan       nan       nan       nan        nan
2024  5  3 22 47  0   0    -3.60    -1.60     0.91       nan       nan       nan       nan        nan
2024  5  3 22 48  0   0    -3.68    -1.52     0.84       nan       nan       nan       nan        nan
2024  5  3 22 49  0   0    -3.64    -1.47     0.96   -396.85      4.05      1.27    3.4486   141999.6
2024  5  3 22 50  0   0    -3.70    -1.45     0.94   -397.54      3.32      1.16    3.3761   143519.8
2024  5  3 22 51  0   0    -3.72    -1.88     0.62       nan       nan       nan       nan        nan
2024  5  3 22 52  0   0    -3.71    -1.81     0.85       nan       nan       nan       nan        nan
2024  5  3 22 53  0   0    -3.70    -1.82     0.87   -399.64      1.15      0.80    3.1588   148129.0
2024  5  3 22 54  0   0    -3.68    -1.81     0.89   -399.56      3.56      2.87    3.2195   147100.1
2024  5  3 22 55  0   0    -3.64    -1.92     0.83   -399.18      3.00      2.44    3.2245   145111.8
2024  5  3 22 56  0   0    -3.63    -1.96     0.84   -398.80      2.44      2.00    3.2294   143137.1
2024  5  3 22 57  0   0    -3.63    -1.90     0.93   -399.24      2.17      1.74    3.2277   142377.3
2024  5  3 22 58  0   0    -3.64    -1.78     1.01   -399.68      1.89      1.49    3.2260   141619.5
2024  5  3 22 59  0   0    -3.59    -1.91     0.98   -399.39      3.61      2.24    3.2412   146329.4
2024  5  3 23  0  0   0    -3.60    -1.89     0.99   -399.02      3.65      4.78    3.3153   155264.7
2024  5  3 23  1  0   0    -3.54    -1.95     0.98   -398.66      3.70      7.31    3.3894   164464.8
2024  5  3 23  2  0   0    -3.54    -1.95     0.96   -398.49      2.53      4.29    3.3554   153308.9
2024  5  3 23  3  0   0    -3.51    -2.02     0.93   -398.32      1.36      1.26    3.3215   142544.9
2024  5  3 23  4  0   0    -3.51    -2.04     0.91   -397.89      2.49      0.81    3.3044   144634.7
2024  5  3 23  5  0   0    -3.51    -1.98     0.95   -397.84      2.64      0.85    3.2930   143743.6
2024  5  3 23  6  0   0    -3.50    -1.98     0.94   -397.80      2.78      0.89    3.2817   142855.2
2024  5  3 23  7  0   0    -3.49    -2.01     0.88   -398.27      2.72      2.21    3.2537   146091.6
2024  5  3 23  8  0   0    -3.43    -2.09     0.87   -398.74      2.65      3.52    3.2257   149364.3
2024  5  3 23  9  0   0    -3.51    -1.93     0.95   -398.18      4.88      1.99    3.3109   140928.9
2024  5  3 23 10  0   0    -3.45    -2.05     0.99   -398.69      4.37      2.78    3.3602   144089.0
2024  5  3 23 11  0   0    -3.43    -2.10     0.93   -399.20      3.86      3.57    3.4095   147284.3
2024  5  3 23 12  0   0    -3.42    -2.08     0.91   -399.10      3.93      3.12    3.4221   145195.9
2024  5  3 23 13  0   0    -3.41    -2.09     0.89   -399.00      4.01      2.68    3.4347   143122.4
2024  5  3 23 14  0   0    -3.41    -2.11     0.88   -399.47      3.10      2.68    3.4514   142612.9
2024  5  3 23 15  0   0    -3.37    -2.13     0.88   -399.16      3.00      4.25    3.4386   148565.3
2024  5  3 23 16  0   0    -3.40    -2.08     0.90   -398.85      2.90      5.83    3.4257   154639.5
2024  5  3 23 17  0   0    -3.42    -2.04     0.90   -398.52      2.80      4.71    3.4175   150300.6
2024  5  3 23 18  0   0    -3.44    -2.03     0.84       nan       nan       nan       nan        nan
2024  5  3 23 19  0   0    -3.40    -2.07     0.85   -397.85      2.59      2.47    3.4012   141807.9
2024  5  3 23 20  0   0    -3.32    -2.16     0.91   -398.28      2.93      3.03    3.3857   141715.0
2024  5  3 23 21  0   0    -3.28    -2.23     0.90   -398.71      3.27      3.59    3.3703   141622.1
2024  5  3 23 22  0   0    -3.38    -2.07     0.89   -399.00      3.42      3.01    3.3666   142231.3
2024  5  3 23 23  0   0    -3.40    -2.03     0.77   -399.29      3.56      2.43    3.3630   142841.8
2024  5  3 23 24  0   0    -3.41    -2.02     0.83   -400.61      4.35      2.91    3.4491   146765.1
2024  5  3 23 25  0   0    -3.38    -2.00     0.82   -400.07      4.20      2.65    3.3920   144779.2
2024  5  3 23 26  0   0    -3.38    -2.03     0.79   -399.52      4.04      2.39    3.3350   142806.8
2024  5  3 23 27  0   0    -3.36    -2.10     0.80   -399.34      3.87      2.64    3.3760   143217.8
2024  5  3 23 28  0   0    -3.31    -2.18     0.84   -399.16      3.70      2.90    3.4171   143629.4
2024  5  3 23 29  0   0    -3.34    -2.07     0.85   -399.39      3.43      3.25    3.4193   142612.6
2024  5  3 23 30  0   0    -3.24    -2.00     0.84       nan       nan       nan       nan        nan
2024  5  3 23 31  0   0    -3.20    -2.00     0.99       nan       nan       nan       nan        nan
2024  5  3 23 32  0   0    -3.28    -2.07     0.86       nan       nan       nan       nan        nan
2024  5  3 23 33  0   0    -3.27    -2.13     0.79   -400.30      2.37      4.64    3.4279   138581.8
2024  5  3 23 34  0   0    -3.25    -2.23     0.70   -400.52      1.47      3.57    3.4675   145814.4
2024  5  3 23 35  0   0    -3.22    -2.20     0.67   -405.64     -3.50      4.48    4.4299   137049.3
2024  5  3 23 36  0   0    -2.86    -1.58     0.73   -410.76     -8.47      5.38    5.3922   128555.9
2024  5  3 23 37  0   0    -2.52    -1.31     0.69   -409.84     -7.86      5.28    5.2767   131925.4
2024  5  3 23 38  0   0    -2.76    -1.36     0.66   -408.92     -7.25      5.19    5.1612   135338.4
2024  5  3 23 39  0   0    -2.60    -1.29     0.50   -407.61     -4.93      5.45    4.8593   142005.0
2024  5  3 23 40  0   0    -2.80    -1.68     0.33   -406.29     -2.61      5.71    4.5574   148831.8
2024  5  3 23 41  0   0    -2.93    -1.44     0.41   -409.20     -6.69      4.33    5.2004   142276.9
2024  5  3 23 42  0   0    -2.85    -1.55     0.25   -405.97     -7.20      1.64    4.7179   142968.6
2024  5  3 23 43  0   0    -2.86    -1.46     0.52   -402.73     -7.72     -1.04    4.2353   143661.9
2024  5  3 23 44  0   0    -3.09    -1.48     0.61   -404.19     -6.16      0.27    4.4240   147747.3
2024  5  3 23 45  0   0    -3.01    -1.53     0.68   -405.65     -4.61      1.58    4.6127   151890.0
2024  5  3 23 46  0   0    -2.96    -1.88     0.73   -398.28      1.27      3.92    3.7940   147531.3
2024  5  3 23 47  0   0    -3.11    -2.23     0.59   -399.76      0.08      4.67    3.9461   146089.7
2024  5  3 23 48  0   0    -2.86    -2.21     0.44   -401.24     -1.11      5.42    4.0982   144655.3
2024  5  3 23 49  0   0    -3.00    -2.27     0.36   -400.34     -0.10      3.70    3.8443   143565.2
2024  5  3 23 50  0   0    -3.18    -2.24     0.61   -399.44      0.91      1.98    3.5903   142479.1
2024  5  3 23 51  0   0    -3.01    -2.10     0.66   -406.31     -7.64     -0.51    5.2213   162550.8
2024  5  3 23 52  0   0    -2.98    -0.84     0.85   -404.98     -8.38      0.09    5.1094   147674.1
2024  5  3 23 53  0   0    -2.58    -2.04     0.32   -403.65     -9.13      0.69    4.9975   133511.2
2024  5  3 23 54  0   0    -2.51    -2.44     0.00   -402.84     -7.15      1.13    4.6793   134823.3
2024  5  3 23 55  0   0    -2.32    -2.75    -0.29   -402.03     -5.17      1.58    4.3610   136141.8
2024  5  3 23 56  0   0    -2.27    -2.91    -0.46   -403.14     -6.06      1.10    4.1341   143178.0
2024  5  3 23 57  0   0    -2.20    -2.94    -0.37   -403.85     -5.51      3.27    4.5311   141657.0
2024  5  3 23 58  0   0    -2.15    -2.96    -0.28   -404.57     -4.96      5.44    4.9282   140144.2
2024  5  3 23 59  0   0    -2.77    -1.94     1.15   -404.35     -3.24      5.24    4.8337   137600.3
2024  5  4  0  0  0   0    -2.84    -1.86     1.07       nan       nan       nan       nan        nan
